speaker,start_time,end_time,duration
speaker_1,4.27,5.25,0.98
speaker_0,7.67,8.13,0.46
speaker_0,8.99,10.19,1.2
speaker_0,12.07,12.83,0.76
speaker_1,13.15,13.525,0.375
speaker_0,13.525,15.05,1.525
speaker_0,15.49,15.73,0.24
speaker_1,17.03,18.09,1.06
speaker_0,18.29,18.63,0.34
speaker_0,18.83,19.85,1.02
speaker_0,20.32,21.09,0.77
speaker_0,21.73,21.99,0.26
speaker_0,22.19,23.23,1.04
speaker_1,23.99,24.865,0.875
speaker_0,24.865,27.11,2.245
speaker_0,29.57,30.57,1.0
speaker_0,31.63,31.99,0.36
speaker_0,32.35,32.725,0.375
speaker_2,32.725,32.99,0.265
speaker_2,38.59,39.57,0.98
speaker_0,40.11,41.15,1.04
speaker_0,41.35,42.33,0.98
speaker_0,42.75,43.55,0.8
speaker_0,44.01,45.75,1.74
speaker_0,46.38,48.255,1.875
speaker_1,48.255,49.005,0.75
speaker_0,49.005,49.19,0.185
speaker_0,49.77,50.17,0.4
speaker_0,50.93,55.055,4.125
speaker_2,55.055,55.45,0.395
speaker_0,55.82,56.61,0.79
speaker_0,57.18,58.49,1.31
speaker_0,58.99,61.93,2.94
speaker_0,63.7,64.45,0.75
speaker_0,65.01,65.23,0.22
speaker_2,66.19,66.85,0.66
speaker_0,69.41,71.535,2.125
speaker_1,71.535,73.49,1.955
speaker_0,74.47,75.595,1.125
speaker_1,75.595,79.47,3.875
speaker_0,80.61,84.11,3.5
speaker_0,84.65,88.57,3.92
speaker_0,88.77,89.37,0.6
speaker_1,89.89,94.85,4.96
speaker_0,96.15,96.51,0.36
speaker_0,97.05,97.45,0.4
speaker_1,98.65,101.95,3.3
speaker_2,104.87,105.51,0.64
speaker_0,107.13,108.99,1.86
speaker_0,115.31,115.79,0.48
speaker_0,116.87,117.55,0.68
speaker_1,117.79,119.65,1.86
speaker_2,120.27,120.75,0.48
speaker_0,121.65,121.93,0.28
speaker_0,123.19,124.565,1.375
speaker_2,124.565,124.815,0.25
speaker_0,124.815,125.065,0.25
speaker_1,125.065,127.39,2.325
speaker_2,128.73,128.97,0.24
speaker_0,130.34,130.965,0.625
speaker_2,130.965,131.215,0.25
speaker_0,131.215,131.39,0.175
speaker_2,133.21,133.55,0.34
speaker_2,133.79,134.33,0.54
speaker_2,135.47,135.79,0.32
speaker_2,136.09,136.45,0.36
speaker_2,137.11,137.47,0.36
speaker_2,137.75,138.23,0.48
speaker_2,138.43,139.47,1.04
speaker_2,139.9,140.71,0.81
speaker_2,141.3,143.925,2.625
speaker_0,143.925,147.93,4.005
speaker_0,148.65,151.025,2.375
speaker_1,151.025,151.775,0.75
speaker_0,151.775,153.025,1.25
speaker_1,153.025,153.275,0.25
speaker_0,153.275,154.53,1.255
speaker_0,155.17,155.43,0.26
speaker_0,155.84,156.33,0.49
speaker_0,156.57,157.05,0.48
speaker_0,157.25,158.09,0.84
speaker_0,159.01,159.81,0.8
speaker_1,160.13,161.73,1.6
speaker_1,162.43,163.305,0.875
speaker_0,163.305,164.17,0.865
speaker_0,164.82,165.945,1.125
speaker_1,165.945,166.195,0.25
speaker_0,166.195,166.55,0.355
speaker_0,166.85,167.725,0.875
speaker_1,167.725,169.35,1.625
speaker_1,171.05,172.49,1.44
speaker_0,178.72,179.27,0.55
speaker_1,179.71,180.37,0.66
speaker_2,181.17,182.41,1.24
speaker_0,182.71,184.55,1.84
speaker_0,185.26,186.07,0.81
speaker_0,186.65,187.77,1.12
speaker_0,188.07,190.31,2.24
speaker_0,190.95,193.99,3.04
speaker_0,194.84,195.59,0.75
speaker_0,196.27,196.57,0.3
speaker_0,197.03,198.09,1.06
speaker_0,198.49,199.115,0.625
speaker_1,199.115,200.01,0.895
speaker_1,200.23,200.59,0.36
speaker_1,200.81,202.435,1.625
speaker_0,202.435,202.77,0.335
speaker_1,204.77,205.13,0.36
speaker_1,205.91,207.05,1.14
speaker_1,209.41,212.77,3.36
speaker_0,214.41,214.77,0.36
speaker_1,215.57,217.17,1.6
speaker_2,219.93,220.37,0.44
speaker_1,222.01,223.35,1.34
speaker_0,225.26,229.59,4.33
speaker_0,230.43,231.19,0.76
speaker_0,231.66,233.85,2.19
speaker_0,234.19,235.71,1.52
speaker_0,235.97,237.57,1.6
speaker_0,237.81,238.43,0.62
speaker_0,238.69,239.17,0.48
speaker_0,240.09,242.33,2.24
speaker_0,242.75,246.87,4.12
speaker_1,248.27,250.27,2.0
speaker_0,251.13,251.55,0.42
speaker_0,252.83,253.99,1.16
speaker_0,254.53,255.87,1.34
speaker_0,256.09,256.83,0.74
speaker_0,257.33,258.79,1.46
speaker_0,259.36,259.95,0.59
speaker_0,260.86,261.19,0.33
speaker_0,261.53,262.09,0.56
speaker_1,262.31,263.31,1.0
speaker_0,264.51,264.89,0.38
speaker_1,265.45,267.31,1.86
speaker_0,267.85,268.37,0.52
speaker_0,268.61,268.95,0.34
speaker_0,269.45,270.075,0.625
speaker_1,270.075,270.325,0.25
speaker_0,270.325,271.97,1.645
speaker_1,273.73,274.71,0.98
speaker_0,277.47,278.11,0.64
speaker_0,279.04,279.41,0.37
speaker_0,279.67,280.23,0.56
speaker_0,280.87,281.43,0.56
speaker_0,281.83,282.49,0.66
speaker_0,283.19,288.565,5.375
speaker_1,288.565,290.49,1.925
speaker_0,290.72,291.35,0.63
speaker_1,291.59,292.83,1.24
speaker_0,293.33,294.09,0.76
speaker_0,294.47,295.37,0.9
speaker_0,296.33,296.93,0.6
speaker_0,297.23,297.93,0.7
speaker_0,299.51,301.83,2.32
speaker_0,302.17,303.85,1.68
speaker_0,304.09,304.77,0.68
speaker_0,305.15,306.97,1.82
speaker_0,307.27,307.79,0.52
speaker_0,308.79,309.79,1.0
speaker_0,310.18,311.03,0.85
speaker_0,311.35,313.91,2.56
speaker_0,314.18,314.67,0.49
speaker_0,315.33,316.67,1.34
speaker_1,317.06,318.87,1.81
speaker_0,320.57,322.945,2.375
speaker_1,322.945,323.65,0.705
speaker_0,324.15,324.57,0.42
speaker_1,324.77,325.05,0.28
speaker_0,325.29,325.97,0.68
speaker_0,326.39,327.29,0.9
speaker_0,329.15,329.73,0.58
speaker_0,330.19,330.43,0.24
speaker_2,331.31,331.55,0.24
speaker_1,332.31,333.435,1.125
speaker_0,333.435,334.29,0.855
speaker_2,335.49,336.37,0.88
speaker_0,336.79,337.59,0.8
speaker_1,338.07,338.33,0.26
speaker_2,338.92,339.45,0.53
speaker_0,339.87,340.89,1.02
speaker_0,341.09,342.03,0.94
speaker_0,342.29,343.21,0.92
speaker_0,343.61,344.03,0.42
speaker_0,344.75,346.11,1.36
speaker_0,346.35,347.87,1.52
speaker_0,348.46,350.87,2.41
speaker_0,351.19,351.43,0.24
speaker_1,351.63,353.37,1.74
speaker_0,354.12,354.51,0.39
speaker_2,354.75,355.09,0.34
speaker_1,355.57,358.11,2.54
speaker_0,358.43,359.07,0.64
speaker_2,360.69,360.91,0.22
speaker_0,361.23,362.855,1.625
speaker_1,362.855,365.45,2.595
speaker_0,366.31,367.55,1.24
speaker_0,367.75,368.43,0.68
speaker_0,369.1,369.69,0.59
speaker_0,370.61,371.87,1.26
speaker_0,372.19,372.95,0.76
speaker_0,373.89,374.39,0.5
speaker_0,375.13,375.45,0.32
speaker_0,375.85,376.47,0.62
speaker_0,376.79,377.39,0.6
speaker_1,377.84,380.17,2.33
speaker_0,380.59,381.17,0.58
speaker_2,382.91,383.27,0.36
speaker_0,383.73,384.75,1.02
speaker_1,386.97,387.345,0.375
speaker_2,387.345,387.65,0.305
speaker_2,388.41,388.63,0.22
speaker_1,389.15,389.97,0.82
speaker_1,390.77,393.27,2.5
speaker_1,394.03,395.33,1.3
speaker_0,398.97,399.53,0.56
speaker_1,400.0,400.79,0.79
speaker_2,401.49,401.79,0.3
speaker_0,403.15,404.01,0.86
speaker_0,406.09,407.53,1.44
speaker_0,409.65,410.09,0.44
speaker_0,410.59,412.21,1.62
speaker_0,412.95,414.41,1.46
speaker_0,415.05,415.43,0.38
speaker_0,415.66,416.81,1.15
speaker_0,417.73,418.355,0.625
speaker_1,418.355,420.105,1.75
speaker_0,420.105,420.95,0.845
speaker_1,421.27,422.69,1.42
speaker_0,423.41,424.17,0.76
speaker_0,424.93,427.01,2.08
speaker_2,427.52,427.89,0.37
speaker_2,432.43,432.73,0.3
speaker_0,432.95,433.35,0.4
speaker_0,433.8,434.21,0.41
speaker_0,434.63,437.505,2.875
speaker_1,437.505,438.63,1.125
speaker_0,439.29,440.83,1.54
speaker_0,442.49,443.21,0.72
speaker_0,443.47,443.97,0.5
speaker_0,445.39,446.77,1.38
speaker_0,447.54,447.91,0.37
speaker_0,448.21,449.335,1.125
speaker_2,449.335,449.75,0.415
speaker_0,450.61,450.93,0.32
speaker_1,451.19,451.815,0.625
speaker_0,451.815,454.565,2.75
speaker_1,454.565,454.815,0.25
speaker_0,454.815,455.565,0.75
speaker_1,455.565,457.21,1.645
speaker_2,459.03,459.37,0.34
speaker_1,461.84,462.43,0.59
speaker_2,462.75,463.29,0.54
speaker_1,463.89,465.59,1.7
speaker_0,468.37,468.89,0.52
speaker_0,469.51,469.73,0.22
speaker_2,470.85,471.11,0.26
speaker_2,471.53,471.83,0.3
speaker_1,472.93,474.31,1.38
speaker_2,476.65,476.97,0.32
speaker_2,478.25,479.73,1.48
speaker_2,480.03,480.29,0.26
speaker_2,480.96,481.29,0.33
speaker_2,483.57,484.07,0.5
speaker_2,484.47,484.79,0.32
speaker_2,487.65,487.91,0.26
speaker_2,488.19,488.83,0.64
speaker_0,489.35,491.25,1.9
speaker_0,492.43,494.97,2.54
speaker_0,495.55,496.23,0.68
speaker_0,496.49,498.615,2.125
speaker_1,498.615,499.23,0.615
speaker_0,499.71,502.63,2.92
speaker_1,504.09,505.215,1.125
speaker_0,505.215,505.99,0.775
speaker_0,506.37,506.71,0.34
speaker_0,507.55,508.05,0.5
speaker_2,508.65,509.07,0.42
speaker_0,509.47,509.77,0.3
speaker_1,510.15,510.89,0.74
speaker_2,511.61,512.23,0.62
speaker_0,513.25,514.01,0.76
speaker_0,514.21,514.65,0.44
speaker_0,517.55,518.03,0.48
speaker_2,518.47,519.55,1.08
speaker_2,520.23,520.53,0.3
speaker_0,521.33,521.97,0.64
speaker_0,523.79,525.57,1.78
speaker_0,526.83,528.93,2.1
speaker_0,529.57,530.87,1.3
speaker_0,531.17,533.295,2.125
speaker_1,533.295,534.545,1.25
speaker_0,534.545,536.69,2.145
speaker_2,537.89,538.55,0.66
speaker_0,538.92,540.73,1.81
speaker_1,541.55,542.15,0.6
speaker_1,542.37,542.995,0.625
speaker_0,542.995,543.65,0.655
speaker_1,543.95,544.67,0.72
speaker_2,544.93,545.41,0.48
speaker_0,545.61,548.99,3.38
speaker_0,549.25,550.51,1.26
speaker_1,551.39,554.07,2.68
speaker_0,554.27,554.85,0.58
speaker_0,556.25,557.29,1.04
speaker_0,557.85,559.87,2.02
speaker_0,560.81,561.23,0.42
speaker_0,561.93,562.45,0.52
speaker_0,562.67,564.61,1.94
speaker_0,564.89,566.51,1.62
speaker_0,566.76,567.53,0.77
speaker_0,567.89,570.67,2.78
speaker_0,571.04,573.415,2.375
speaker_1,573.415,573.665,0.25
speaker_0,573.665,574.61,0.945
speaker_0,574.81,576.93,2.12
speaker_2,581.18,581.71,0.53
speaker_1,582.33,583.73,1.4
speaker_1,584.21,586.29,2.08
speaker_2,587.63,589.255,1.625
speaker_1,589.255,590.99,1.735
speaker_1,591.27,592.35,1.08
speaker_1,592.69,596.77,4.08
speaker_1,599.09,600.715,1.625
speaker_0,600.715,601.03,0.315
speaker_2,602.65,603.15,0.5
speaker_0,605.33,605.57,0.24
speaker_2,608.23,608.49,0.26
speaker_2,611.09,611.965,0.875
speaker_1,611.965,613.465,1.5
speaker_0,613.465,613.715,0.25
speaker_1,613.715,613.97,0.255
speaker_2,614.19,614.53,0.34
speaker_1,614.91,616.79,1.88
speaker_1,617.95,619.17,1.22
speaker_0,623.29,623.55,0.26
speaker_2,625.37,625.59,0.22
speaker_2,626.63,627.09,0.46
speaker_0,627.97,628.345,0.375
speaker_2,628.345,628.845,0.5
speaker_0,628.845,630.01,1.165
speaker_2,632.18,633.53,1.35
speaker_2,634.91,636.285,1.375
speaker_0,636.285,637.15,0.865
speaker_2,637.66,638.29,0.63
speaker_0,638.69,639.565,0.875
speaker_2,639.565,640.21,0.645
speaker_0,640.87,641.69,0.82
speaker_0,644.31,644.79,0.48
speaker_0,645.54,646.915,1.375
speaker_1,646.915,647.665,0.75
speaker_0,647.665,647.915,0.25
speaker_2,647.915,648.37,0.455
speaker_0,648.94,649.15,0.21
speaker_0,650.1,650.41,0.31
speaker_0,651.03,651.65,0.62
speaker_0,651.97,652.39,0.42
speaker_0,652.71,654.45,1.74
speaker_0,654.64,655.67,1.03
speaker_0,656.02,658.01,1.99
speaker_0,658.93,661.91,2.98
speaker_0,663.51,664.09,0.58
speaker_0,664.41,664.73,0.32
speaker_0,665.05,665.33,0.28
speaker_1,665.91,666.23,0.32
speaker_0,666.55,667.27,0.72
speaker_0,667.99,669.115,1.125
speaker_1,669.115,669.71,0.595
speaker_2,670.19,670.89,0.7
speaker_0,671.5,672.125,0.625
speaker_2,672.125,672.375,0.25
speaker_0,672.375,672.51,0.135
speaker_2,673.03,674.45,1.42
speaker_2,676.99,677.33,0.34
speaker_2,678.1,678.51,0.41
speaker_1,678.87,680.79,1.92
speaker_2,681.93,682.23,0.3
speaker_2,682.75,683.47,0.72
speaker_2,683.8,684.99,1.19
speaker_0,685.71,686.39,0.68
speaker_1,686.67,690.61,3.94
speaker_1,691.59,692.85,1.26
speaker_1,695.19,696.67,1.48
speaker_1,699.29,701.03,1.74
speaker_0,701.53,702.71,1.18
speaker_0,703.39,704.47,1.08
speaker_0,705.53,705.95,0.42
speaker_0,706.45,707.09,0.64
speaker_0,707.81,711.21,3.4
speaker_0,711.65,712.45,0.8
speaker_0,712.97,714.29,1.32
speaker_0,714.79,716.21,1.42
speaker_0,716.41,717.57,1.16
speaker_0,717.87,718.37,0.5
speaker_0,719.09,720.11,1.02
speaker_0,720.86,721.29,0.43
speaker_0,721.56,721.77,0.21
speaker_0,721.97,723.73,1.76
speaker_0,733.53,734.155,0.625
speaker_2,734.155,734.79,0.635
speaker_1,735.69,736.65,0.96
speaker_2,738.75,739.03,0.28
speaker_2,742.31,742.57,0.26
speaker_2,744.05,744.29,0.24
speaker_2,745.33,745.63,0.3
speaker_2,747.87,749.61,1.74
speaker_2,749.81,750.75,0.94
speaker_0,753.41,754.33,0.92
speaker_2,756.61,757.09,0.48
speaker_2,758.23,758.71,0.48
speaker_0,760.91,761.35,0.44
speaker_2,761.56,761.85,0.29
speaker_2,762.26,765.135,2.875
speaker_1,765.135,766.55,1.415
speaker_0,766.97,768.73,1.76
speaker_2,769.05,769.27,0.22
speaker_0,769.57,771.95,2.38
speaker_0,772.29,772.97,0.68
speaker_0,773.57,775.87,2.3
speaker_0,776.19,777.55,1.36
speaker_0,777.93,778.85,0.92
speaker_0,779.19,782.45,3.26
speaker_0,782.64,784.09,1.45
speaker_2,784.55,784.79,0.24
speaker_0,785.33,786.25,0.92
speaker_0,786.57,787.03,0.46
speaker_0,787.7,788.29,0.59
speaker_0,788.57,790.195,1.625
speaker_1,790.195,791.71,1.515
speaker_1,792.47,793.095,0.625
speaker_2,793.095,793.57,0.475
speaker_1,794.17,795.045,0.875
speaker_0,795.045,795.295,0.25
speaker_1,795.295,795.63,0.335
speaker_1,797.55,797.87,0.32
speaker_0,798.21,799.085,0.875
speaker_1,799.085,799.63,0.545
speaker_1,800.37,801.61,1.24
speaker_2,807.23,808.15,0.92
speaker_1,808.59,809.965,1.375
speaker_0,809.965,810.47,0.505
speaker_2,813.67,815.295,1.625
speaker_0,815.295,816.53,1.235
speaker_2,817.31,817.57,0.26
speaker_1,818.47,820.25,1.78
speaker_1,820.57,822.695,2.125
speaker_0,822.695,823.09,0.395
speaker_0,825.43,827.05,1.62
speaker_0,835.63,836.95,1.32
speaker_0,837.14,838.265,1.125
speaker_1,838.265,838.85,0.585
speaker_2,840.65,841.01,0.36
speaker_1,842.07,844.05,1.98
speaker_1,844.25,845.67,1.42
speaker_1,847.25,848.17,0.92
speaker_1,849.01,849.635,0.625
speaker_2,849.635,849.83,0.195
speaker_0,854.41,855.15,0.74
speaker_0,856.37,857.43,1.06
speaker_0,857.74,858.35,0.61
speaker_0,858.8,859.73,0.93
speaker_0,860.39,862.83,2.44
speaker_0,863.07,864.07,1.0
speaker_0,864.77,869.29,4.52
speaker_0,870.03,871.81,1.78
speaker_0,872.13,873.87,1.74
speaker_0,874.88,876.27,1.39
speaker_0,877.29,878.53,1.24
speaker_0,879.17,880.05,0.88
speaker_0,880.45,881.81,1.36
speaker_0,882.63,886.11,3.48
speaker_0,886.81,889.15,2.34
speaker_0,889.39,891.59,2.2
speaker_0,892.15,896.13,3.98
speaker_0,896.45,899.075,2.625
speaker_1,899.075,899.825,0.75
speaker_0,899.825,900.075,0.25
speaker_1,900.075,900.49,0.415
speaker_0,901.71,902.11,0.4
speaker_1,902.57,903.195,0.625
speaker_0,903.195,903.47,0.275
speaker_0,903.83,904.65,0.82
speaker_0,905.43,907.85,2.42
speaker_0,908.19,909.49,1.3
speaker_0,910.18,910.61,0.43
speaker_0,910.83,911.455,0.625
speaker_1,911.455,912.17,0.715
speaker_0,912.79,913.61,0.82
speaker_0,913.85,914.11,0.26
speaker_0,914.41,916.97,2.56
speaker_0,917.2,919.35,2.15
speaker_0,920.11,923.23,3.12
speaker_2,923.43,924.11,0.68
speaker_0,924.4,924.63,0.23
speaker_0,926.33,926.75,0.42
speaker_2,927.43,927.65,0.22
speaker_0,928.05,929.675,1.625
speaker_2,929.675,930.09,0.415
speaker_0,930.47,930.77,0.3
speaker_0,931.05,931.675,0.625
speaker_1,931.675,932.15,0.475
speaker_0,932.53,933.31,0.78
speaker_1,933.51,934.33,0.82
speaker_0,934.77,935.49,0.72
speaker_0,935.81,936.435,0.625
speaker_1,936.435,937.185,0.75
speaker_0,937.185,939.91,2.725
speaker_0,940.11,940.41,0.3
speaker_0,940.99,942.615,1.625
speaker_1,942.615,943.615,1.0
speaker_0,943.615,944.81,1.195
speaker_2,945.03,945.67,0.64
speaker_0,946.19,948.13,1.94
speaker_2,948.59,949.09,0.5
speaker_2,949.31,949.935,0.625
speaker_0,949.935,952.685,2.75
speaker_1,952.685,952.935,0.25
speaker_0,952.935,959.29,6.355
speaker_0,959.55,961.23,1.68
speaker_0,961.65,962.49,0.84
speaker_0,962.99,965.63,2.64
speaker_0,966.03,967.19,1.16
speaker_0,967.39,968.81,1.42
speaker_0,969.73,972.67,2.94
speaker_2,973.39,973.65,0.26
speaker_2,975.77,976.09,0.32
speaker_2,980.25,980.875,0.625
speaker_0,980.875,982.77,1.895
speaker_0,983.25,983.49,0.24
speaker_0,983.71,984.01,0.3
speaker_0,984.23,984.605,0.375
speaker_2,984.605,984.95,0.345
speaker_0,985.33,986.09,0.76
speaker_0,986.31,987.15,0.84
speaker_0,987.57,991.71,4.14
speaker_0,992.55,993.01,0.46
speaker_1,993.63,995.85,2.22
speaker_0,998.56,999.17,0.61
speaker_1,999.67,1000.59,0.92
speaker_2,1003.37,1003.69,0.32
speaker_2,1006.4,1007.09,0.69
speaker_2,1007.56,1008.15,0.59
speaker_2,1009.11,1009.39,0.28
speaker_0,1010.05,1012.25,2.2
speaker_0,1012.73,1013.29,0.56
speaker_0,1014.41,1019.15,4.74
speaker_0,1019.57,1020.195,0.625
speaker_1,1020.195,1022.49,2.295
speaker_0,1023.09,1024.31,1.22
speaker_0,1024.7,1024.91,0.21
speaker_0,1025.15,1026.05,0.9
speaker_1,1026.33,1027.21,0.88
speaker_0,1030.39,1031.17,0.78
speaker_0,1031.59,1034.215,2.625
speaker_2,1034.215,1034.93,0.715
speaker_1,1035.15,1035.775,0.625
speaker_0,1035.775,1036.13,0.355
speaker_2,1036.83,1037.07,0.24
speaker_0,1037.79,1041.415,3.625
speaker_2,1041.415,1041.97,0.555
speaker_0,1042.29,1043.97,1.68
speaker_2,1044.21,1045.29,1.08
speaker_0,1045.95,1046.45,0.5
speaker_0,1046.87,1049.995,3.125
speaker_2,1049.995,1050.495,0.5
speaker_0,1050.495,1051.33,0.835
speaker_0,1052.47,1053.87,1.4
speaker_0,1054.31,1055.35,1.04
speaker_2,1058.19,1059.03,0.84
speaker_0,1061.48,1061.75,0.27
speaker_2,1062.23,1062.45,0.22
speaker_0,1062.69,1063.315,0.625
speaker_2,1063.315,1063.85,0.535
speaker_0,1064.81,1067.77,2.96
speaker_0,1068.17,1069.63,1.46
speaker_0,1070.72,1072.45,1.73
speaker_0,1072.77,1075.75,2.98
speaker_0,1076.54,1076.77,0.23
speaker_0,1077.29,1078.15,0.86
speaker_0,1078.43,1080.51,2.08
speaker_0,1081.01,1082.25,1.24
speaker_0,1082.61,1085.735,3.125
speaker_1,1085.735,1086.235,0.5
speaker_0,1086.235,1086.57,0.335
speaker_1,1088.11,1089.15,1.04
speaker_2,1091.42,1092.03,0.61
speaker_1,1092.65,1093.275,0.625
speaker_0,1093.275,1093.67,0.395
speaker_0,1094.66,1095.285,0.625
speaker_1,1095.285,1095.535,0.25
speaker_0,1095.535,1096.31,0.775
speaker_0,1096.93,1098.89,1.96
speaker_1,1099.21,1099.71,0.5
speaker_0,1100.89,1101.99,1.1
speaker_1,1102.65,1103.55,0.9
speaker_1,1104.16,1105.27,1.11
speaker_0,1105.51,1106.19,0.68
speaker_1,1107.45,1108.325,0.875
speaker_0,1108.325,1108.53,0.205
speaker_2,1111.75,1112.39,0.64
speaker_0,1112.85,1113.81,0.96
speaker_1,1117.09,1117.65,0.56
speaker_0,1117.87,1118.25,0.38
speaker_0,1118.55,1118.79,0.24
speaker_2,1119.11,1119.45,0.34
speaker_2,1120.07,1120.35,0.28
speaker_2,1121.03,1121.41,0.38
speaker_2,1122.41,1123.01,0.6
speaker_2,1123.51,1123.97,0.46
speaker_2,1125.66,1125.89,0.23
speaker_0,1126.11,1126.735,0.625
speaker_2,1126.735,1126.97,0.235
speaker_0,1127.97,1128.845,0.875
speaker_1,1128.845,1129.845,1.0
speaker_0,1129.845,1130.095,0.25
speaker_1,1130.095,1132.15,2.055
speaker_0,1132.51,1133.11,0.6
speaker_0,1133.63,1134.07,0.44
speaker_1,1134.63,1135.505,0.875
speaker_0,1135.505,1136.005,0.5
speaker_1,1136.005,1137.255,1.25
speaker_0,1137.255,1138.17,0.915
speaker_0,1138.39,1140.765,2.375
speaker_1,1140.765,1141.765,1.0
speaker_0,1141.765,1142.515,0.75
speaker_1,1142.515,1144.265,1.75
speaker_0,1144.265,1144.67,0.405
speaker_0,1145.87,1146.63,0.76
speaker_0,1149.52,1150.33,0.81
speaker_1,1150.71,1152.835,2.125
speaker_0,1152.835,1153.57,0.735
speaker_0,1153.79,1154.89,1.1
speaker_0,1155.89,1157.11,1.22
speaker_0,1157.79,1159.165,1.375
speaker_1,1159.165,1159.95,0.785
speaker_0,1160.31,1161.59,1.28
speaker_2,1163.87,1164.23,0.36
speaker_0,1164.69,1166.065,1.375
speaker_2,1166.065,1166.43,0.365
speaker_2,1166.71,1167.15,0.44
speaker_1,1167.69,1168.57,0.88
speaker_2,1169.81,1170.39,0.58
speaker_0,1172.13,1173.005,0.875
speaker_2,1173.005,1173.39,0.385
speaker_0,1173.68,1175.33,1.65
speaker_2,1176.99,1177.53,0.54
speaker_0,1177.77,1178.69,0.92
speaker_0,1178.93,1180.05,1.12
speaker_0,1180.91,1182.535,1.625
speaker_1,1182.535,1184.785,2.25
speaker_0,1184.785,1185.85,1.065
speaker_0,1186.63,1187.005,0.375
speaker_2,1187.005,1187.49,0.485
speaker_0,1187.85,1189.225,1.375
speaker_1,1189.225,1190.91,1.685
speaker_2,1191.93,1192.87,0.94
speaker_0,1193.43,1195.19,1.76
speaker_0,1195.39,1195.63,0.24
speaker_0,1196.05,1197.07,1.02
speaker_0,1197.43,1198.91,1.48
speaker_0,1199.17,1200.89,1.72
speaker_0,1201.09,1201.65,0.56
speaker_0,1202.71,1203.41,0.7
speaker_0,1203.61,1205.41,1.8
speaker_0,1206.0,1207.625,1.625
speaker_2,1207.625,1208.41,0.785
speaker_1,1208.87,1209.745,0.875
speaker_0,1209.745,1211.15,1.405
speaker_0,1211.49,1212.19,0.7
speaker_0,1213.44,1214.815,1.375
speaker_2,1214.815,1215.565,0.75
speaker_0,1215.565,1215.815,0.25
speaker_1,1215.815,1217.065,1.25
speaker_0,1217.065,1218.07,1.005
speaker_2,1219.15,1219.43,0.28
speaker_1,1220.13,1222.39,2.26
speaker_1,1222.59,1223.03,0.44
speaker_0,1223.23,1224.07,0.84
speaker_0,1224.55,1225.37,0.82
speaker_0,1226.35,1226.89,0.54
speaker_0,1227.35,1228.45,1.1
speaker_0,1229.39,1229.75,0.36
speaker_0,1230.21,1231.085,0.875
speaker_1,1231.085,1233.585,2.5
speaker_0,1233.585,1234.67,1.085
speaker_1,1235.23,1235.605,0.375
speaker_0,1235.605,1235.855,0.25
speaker_1,1235.855,1236.605,0.75
speaker_0,1236.605,1238.65,2.045
speaker_0,1239.37,1242.03,2.66
speaker_0,1246.85,1247.17,0.32
speaker_1,1252.05,1252.33,0.28
speaker_0,1252.63,1254.13,1.5
speaker_1,1254.43,1255.055,0.625
speaker_0,1255.055,1255.47,0.415
speaker_2,1256.07,1256.41,0.34
speaker_2,1256.63,1257.01,0.38
speaker_2,1257.83,1258.05,0.22
speaker_0,1258.43,1259.555,1.125
speaker_2,1259.555,1260.55,0.995
speaker_2,1261.55,1262.45,0.9
speaker_2,1263.92,1265.71,1.79
speaker_2,1266.4,1267.61,1.21
speaker_2,1268.1,1269.67,1.57
speaker_2,1270.65,1271.13,0.48
speaker_2,1271.63,1272.255,0.625
speaker_0,1272.255,1275.755,3.5
speaker_2,1275.755,1276.25,0.495
speaker_0,1276.81,1277.45,0.64
speaker_0,1277.73,1278.81,1.08
speaker_0,1279.13,1280.005,0.875
speaker_2,1280.005,1280.255,0.25
speaker_0,1280.255,1281.27,1.015
speaker_0,1281.53,1282.23,0.7
speaker_0,1282.43,1283.55,1.12
speaker_0,1284.35,1285.55,1.2
speaker_0,1286.45,1286.69,0.24
speaker_0,1287.69,1290.17,2.48
speaker_0,1290.95,1291.61,0.66
speaker_0,1292.63,1292.85,0.22
speaker_0,1293.38,1293.91,0.53
speaker_2,1294.27,1294.65,0.38
speaker_0,1294.85,1298.19,3.34
speaker_0,1302.87,1304.13,1.26
speaker_2,1306.99,1307.79,0.8
speaker_1,1308.43,1311.81,3.38
speaker_2,1312.02,1312.25,0.23
speaker_1,1312.57,1313.87,1.3
speaker_2,1315.73,1316.53,0.8
speaker_2,1319.31,1319.83,0.52
speaker_0,1320.81,1321.09,0.28
speaker_0,1322.07,1322.69,0.62
speaker_0,1322.93,1323.305,0.375
speaker_1,1323.305,1323.555,0.25
speaker_2,1323.555,1323.95,0.395
speaker_0,1324.51,1325.385,0.875
speaker_2,1325.385,1326.135,0.75
speaker_0,1326.135,1327.33,1.195
speaker_2,1328.41,1328.65,0.24
speaker_0,1330.23,1331.37,1.14
speaker_0,1331.59,1332.47,0.88
speaker_0,1334.43,1335.53,1.1
speaker_0,1335.91,1338.15,2.24
speaker_1,1338.35,1339.01,0.66
speaker_0,1339.21,1340.71,1.5
speaker_0,1341.83,1342.11,0.28
speaker_0,1342.98,1345.63,2.65
speaker_0,1346.09,1347.69,1.6
speaker_0,1347.91,1348.55,0.64
speaker_0,1348.97,1349.45,0.48
speaker_0,1349.75,1350.07,0.32
speaker_0,1350.44,1350.87,0.43
speaker_0,1351.25,1351.57,0.32
speaker_0,1352.15,1352.37,0.22
speaker_0,1352.57,1353.29,0.72
speaker_2,1354.21,1354.57,0.36
speaker_2,1358.97,1359.35,0.38
speaker_2,1361.53,1361.89,0.36
speaker_2,1362.11,1362.91,0.8
speaker_2,1367.15,1367.73,0.58
speaker_2,1368.34,1368.73,0.39
speaker_2,1368.92,1369.17,0.25
speaker_2,1371.13,1371.71,0.58
speaker_2,1371.95,1372.25,0.3
speaker_2,1373.51,1373.79,0.28
speaker_0,1373.99,1374.865,0.875
speaker_1,1374.865,1375.615,0.75
speaker_0,1375.615,1375.95,0.335
speaker_0,1379.79,1381.33,1.54
speaker_0,1381.69,1382.49,0.8
speaker_0,1382.87,1384.29,1.42
speaker_2,1385.25,1386.375,1.125
speaker_0,1386.375,1389.375,3.0
speaker_2,1389.375,1389.81,0.435
speaker_0,1390.41,1391.57,1.16
speaker_0,1392.17,1392.59,0.42
speaker_0,1393.17,1396.37,3.2
speaker_0,1397.01,1398.53,1.52
speaker_0,1399.13,1401.17,2.04
speaker_0,1401.55,1402.13,0.58
speaker_0,1402.68,1403.99,1.31
speaker_0,1405.73,1406.11,0.38
speaker_0,1406.37,1406.93,0.56
speaker_0,1407.16,1407.95,0.79
speaker_0,1408.17,1408.51,0.34
speaker_2,1409.75,1410.07,0.32
speaker_0,1410.69,1411.05,0.36
speaker_0,1411.49,1411.71,0.22
speaker_0,1412.19,1413.83,1.64
speaker_0,1415.1,1416.23,1.13
speaker_0,1416.43,1417.805,1.375
speaker_1,1417.805,1418.805,1.0
speaker_0,1418.805,1419.87,1.065
speaker_0,1420.22,1422.47,2.25
speaker_0,1428.63,1430.01,1.38
speaker_0,1431.95,1433.99,2.04
speaker_1,1434.47,1436.595,2.125
speaker_0,1436.595,1437.07,0.475
speaker_0,1438.21,1439.335,1.125
speaker_1,1439.335,1439.585,0.25
speaker_0,1439.585,1440.97,1.385
speaker_0,1441.39,1441.65,0.26
speaker_0,1441.98,1444.35,2.37
speaker_0,1445.21,1445.43,0.22
speaker_0,1445.63,1446.69,1.06
speaker_0,1447.45,1450.59,3.14
speaker_0,1453.76,1456.03,2.27
speaker_0,1456.41,1459.77,3.36
speaker_0,1462.97,1463.73,0.76
speaker_0,1464.35,1465.95,1.6
speaker_0,1466.63,1466.91,0.28
speaker_0,1467.19,1467.61,0.42
speaker_2,1467.93,1468.41,0.48
speaker_0,1468.95,1469.53,0.58
speaker_0,1469.75,1470.71,0.96
speaker_0,1472.13,1472.43,0.3
speaker_2,1472.83,1473.81,0.98
speaker_0,1474.03,1475.39,1.36
speaker_1,1475.65,1477.525,1.875
speaker_0,1477.525,1478.47,0.945
speaker_0,1479.37,1480.05,0.68
speaker_1,1481.49,1482.87,1.38
speaker_0,1483.41,1483.785,0.375
speaker_2,1483.785,1484.25,0.465
speaker_1,1490.51,1491.25,0.74
speaker_2,1491.85,1492.09,0.24
speaker_1,1494.31,1494.65,0.34
speaker_0,1496.15,1497.65,1.5
speaker_1,1498.37,1500.17,1.8
speaker_1,1506.67,1507.295,0.625
speaker_2,1507.295,1507.67,0.375
speaker_2,1509.13,1509.35,0.22
speaker_1,1510.09,1512.07,1.98
speaker_1,1512.27,1512.69,0.42
speaker_2,1515.53,1515.77,0.24
speaker_2,1515.97,1516.25,0.28
speaker_0,1516.55,1517.07,0.52
speaker_0,1517.29,1517.57,0.28
speaker_0,1517.81,1518.435,0.625
speaker_1,1518.435,1518.685,0.25
speaker_0,1518.685,1519.11,0.425
speaker_2,1520.79,1521.55,0.76
speaker_0,1522.63,1523.33,0.7
speaker_0,1523.53,1524.59,1.06
speaker_1,1525.93,1527.77,1.84
speaker_1,1528.13,1529.77,1.64
speaker_0,1530.67,1531.03,0.36
speaker_0,1531.49,1531.91,0.42
speaker_1,1533.05,1534.51,1.46
speaker_0,1536.87,1537.35,0.48
speaker_0,1539.91,1540.95,1.04
speaker_0,1541.71,1541.93,0.22
speaker_0,1545.43,1547.43,2.0
speaker_1,1547.63,1548.89,1.26
speaker_1,1550.49,1551.29,0.8
speaker_1,1552.93,1553.805,0.875
speaker_0,1553.805,1554.055,0.25
speaker_1,1554.055,1554.77,0.715
speaker_0,1555.35,1556.53,1.18
speaker_1,1556.99,1557.365,0.375
speaker_0,1557.365,1557.55,0.185
speaker_0,1559.1,1560.09,0.99
speaker_0,1560.47,1560.87,0.4
speaker_2,1561.71,1561.93,0.22
speaker_1,1562.55,1563.63,1.08
speaker_0,1564.19,1564.87,0.68
speaker_0,1565.17,1565.61,0.44
speaker_1,1567.15,1568.71,1.56
speaker_0,1570.75,1571.25,0.5
speaker_2,1572.83,1573.51,0.68
speaker_0,1574.59,1575.25,0.66
speaker_1,1575.46,1576.13,0.67
speaker_1,1578.37,1578.63,0.26
speaker_0,1582.61,1583.235,0.625
speaker_2,1583.235,1583.485,0.25
speaker_0,1583.485,1583.79,0.305
speaker_2,1587.45,1588.03,0.58
