,disengaged,engaged
disengaged,61,21
engaged,35,45
