,disengaged,engaged
disengaged,2,5
engaged,0,9
